Results on Calcudokus of size:7
Time limit per run: 10 minutes


Test 0:
Constraints: [('none', 3, [0]), ('multiply', 360, [2, 3, 4, 10]), ('add', 9, [5, 6, 13]), ('multiply', 60, [11, 12, 18]), ('add', 18, [14, 21, 22, 29]), ('multiply', 28, [1, 7, 8, 15]), ('subtract', 6, [9, 16]), ('subtract', 1, [19, 20]), ('add', 10, [17, 23, 24]), ('add', 16, [25, 26, 27]), ('multiply', 28, [28, 35, 42]), ('multiply', 50, [30, 31, 38]), ('divide', 2, [36, 37]), ('none', 1, [39]), ('add', 20, [32, 33, 40]), ('divide', 2, [34, 41]), ('subtract', 1, [43, 44]), ('multiply', 8, [45, 46, 47]), ('none', 3, [48])]
Success: 0.02 seconds

Test 1:
Constraints: [('none', 7, [4]), ('add', 10, [0, 1, 7, 8]), ('multiply', 120, [5, 6, 12, 13]), ('subtract', 1, [14, 21]), ('add', 10, [9, 15, 16]), ('multiply', 168, [2, 3, 10, 17]), ('add', 21, [11, 18, 19, 20]), ('divide', 6, [22, 23]), ('subtract', 2, [24, 25]), ('subtract', 2, [26, 27]), ('multiply', 168, [29, 30, 31, 38]), ('add', 13, [32, 39, 45, 46]), ('multiply', 72, [33, 34, 40, 41]), ('multiply', 210, [28, 35, 42]), ('add', 17, [36, 37, 43, 44]), ('divide', 4, [47, 48])]
Failed

Test 2:
Constraints: [('multiply', 280, [0, 1, 8, 9]), ('add', 8, [4, 5, 12]), ('subtract', 1, [6, 13]), ('add', 21, [7, 14, 21, 28]), ('multiply', 42, [2, 3, 10]), ('multiply', 15, [15, 16, 22, 29]), ('add', 15, [11, 17, 18, 19]), ('multiply', 882, [20, 27, 33, 34]), ('add', 17, [23, 24, 25, 26]), ('add', 10, [30, 37, 38]), ('divide', 4, [31, 32]), ('subtract', 5, [35, 36]), ('divide', 2, [40, 41]), ('multiply', 48, [42, 43, 44]), ('multiply', 245, [39, 45, 46]), ('subtract', 2, [47, 48])]
Success: 2.41 seconds

Test 3:
Constraints: [('add', 13, [1, 2, 9]), ('multiply', 8, [3, 4]), ('multiply', 6, [0, 7, 8]), ('subtract', 2, [10, 11]), ('add', 23, [5, 6, 12, 13]), ('add', 16, [14, 15, 16, 23]), ('multiply', 28, [17, 24, 31]), ('divide', 2, [18, 19]), ('subtract', 1, [20, 27]), ('subtract', 1, [21, 22]), ('add', 12, [25, 26, 32]), ('multiply', 96, [28, 29, 36, 43]), ('multiply', 30, [39, 40, 47]), ('add', 15, [33, 34, 41, 48]), ('divide', 7, [35, 42]), ('add', 18, [30, 37, 38, 44]), ('subtract', 1, [45, 46])]
Success: 191.85 seconds

Test 4:
Constraints: [('none', 4, [0]), ('add', 9, [3, 4, 5]), ('multiply', 6, [7, 8]), ('multiply', 140, [1, 2, 9]), ('add', 15, [6, 12, 13]), ('subtract', 5, [15, 16]), ('multiply', 30, [10, 11, 17]), ('subtract', 1, [18, 19]), ('divide', 2, [14, 21]), ('add', 12, [23, 24, 25]), ('multiply', 90, [20, 26, 27]), ('divide', 2, [22, 29]), ('add', 18, [30, 31, 38, 39]), ('subtract', 3, [32, 33]), ('add', 7, [34, 41, 48]), ('multiply', 420, [28, 35, 42, 43]), ('multiply', 30, [36, 37, 44]), ('add', 16, [40, 45, 46, 47])]
Success: 547.25 seconds

Test 5:
Constraints: [('subtract', 1, [0, 1]), ('multiply', 60, [2, 3, 9, 10]), ('add', 18, [4, 5, 11, 12]), ('add', 21, [7, 8, 14, 21]), ('multiply', 105, [15, 16, 17, 18]), ('add', 10, [6, 13, 20, 27]), ('divide', 2, [28, 29]), ('multiply', 360, [22, 23, 24, 30]), ('add', 12, [19, 26, 33]), ('subtract', 1, [34, 41]), ('divide', 6, [35, 42]), ('multiply', 120, [36, 37, 43, 44]), ('add', 16, [25, 31, 32, 38]), ('multiply', 28, [39, 45, 46]), ('add', 12, [40, 47, 48])]
Failed

Test 6:
Constraints: [('multiply', 12, [5, 6]), ('add', 10, [10, 17, 18]), ('multiply', 420, [2, 3, 4, 11]), ('add', 13, [12, 13, 19, 20]), ('multiply', 140, [0, 7, 14]), ('add', 10, [1, 8, 15]), ('divide', 3, [21, 22]), ('add', 17, [24, 25, 31, 32]), ('none', 6, [26]), ('multiply', 140, [9, 16, 23, 30]), ('add', 17, [33, 40, 46, 47]), ('multiply', 252, [28, 29, 35, 36]), ('subtract', 2, [38, 39]), ('subtract', 4, [42, 43]), ('multiply', 6, [37, 44, 45]), ('add', 17, [27, 34, 41, 48])]
Success: 284.06 seconds

Test 7:
Constraints: [('multiply', 56, [1, 2, 3]), ('add', 12, [4, 5, 6]), ('add', 8, [0, 7, 14]), ('subtract', 3, [8, 9]), ('multiply', 168, [10, 11, 12]), ('subtract', 1, [18, 19]), ('multiply', 6, [13, 20, 27]), ('add', 14, [15, 21, 22]), ('divide', 2, [26, 33]), ('add', 9, [23, 29, 30]), ('multiply', 84, [16, 17, 24, 31]), ('multiply', 588, [28, 35, 36, 37]), ('add', 11, [38, 44, 45, 46]), ('add', 14, [25, 32, 39]), ('subtract', 2, [42, 43]), ('divide', 3, [40, 47]), ('multiply', 140, [34, 41, 48])]
Success: 9.91 seconds

Test 8:
Constraints: [('add', 21, [0, 1, 7, 14]), ('none', 6, [3]), ('multiply', 60, [4, 5, 6, 11]), ('multiply', 42, [2, 8, 9, 10]), ('subtract', 1, [12, 13]), ('none', 5, [17]), ('add', 8, [21, 28, 35]), ('divide', 2, [16, 23]), ('multiply', 120, [18, 19, 20, 25]), ('add', 7, [15, 22, 29]), ('subtract', 3, [24, 31]), ('add', 14, [26, 27, 33, 34]), ('multiply', 90, [36, 42, 43]), ('divide', 7, [41, 48]), ('add', 11, [30, 37, 44]), ('multiply', 252, [32, 38, 39, 45]), ('add', 12, [40, 46, 47])]
Success: 16.64 seconds

Test 9:
Constraints: [('multiply', 12, [0, 1]), ('add', 12, [2, 3, 9]), ('multiply', 8, [4, 10, 11]), ('subtract', 6, [5, 6]), ('add', 16, [7, 8, 14, 15]), ('subtract', 2, [12, 13]), ('add', 19, [16, 17, 23, 24]), ('multiply', 140, [21, 28, 35, 42]), ('multiply', 30, [18, 19, 25, 26]), ('subtract', 1, [20, 27]), ('add', 18, [31, 32, 33]), ('multiply', 24, [34, 41, 48]), ('add', 11, [22, 29, 30, 36]), ('subtract', 1, [38, 45]), ('multiply', 30, [37, 43, 44]), ('add', 14, [39, 40, 46, 47])]
Failed

Test 10:
Constraints: [('multiply', 48, [0, 1, 8]), ('add', 22, [4, 11, 17, 18]), ('add', 5, [5, 6, 13]), ('multiply', 420, [7, 14, 21, 28]), ('multiply', 180, [2, 3, 9, 10]), ('add', 9, [12, 19, 20]), ('add', 9, [16, 23, 24]), ('multiply', 24, [25, 32, 39]), ('multiply', 120, [26, 27, 34]), ('add', 10, [15, 22, 29]), ('multiply', 126, [30, 31, 37]), ('add', 18, [33, 40, 41]), ('multiply', 90, [35, 36, 42, 43]), ('multiply', 40, [38, 44, 45, 46]), ('subtract', 5, [47, 48])]
Success: 45.38 seconds

Test 11:
Constraints: [('multiply', 25, [0, 1, 7, 8]), ('divide', 2, [2, 3]), ('add', 13, [4, 5, 6]), ('subtract', 5, [10, 11]), ('multiply', 48, [14, 21, 28]), ('add', 15, [17, 18, 24, 25]), ('multiply', 576, [12, 13, 19, 20]), ('add', 20, [9, 15, 16, 22]), ('multiply', 16, [23, 30, 37, 38]), ('add', 14, [26, 27, 34]), ('add', 20, [29, 35, 36, 42]), ('divide', 5, [31, 32]), ('multiply', 42, [39, 46, 47]), ('none', 2, [43]), ('subtract', 1, [44, 45]), ('multiply', 45, [33, 40, 41, 48])]
Success: 1.33 seconds

Test 12:
Constraints: [('add', 11, [0, 1]), ('multiply', 48, [3, 4, 10, 11]), ('add', 8, [5, 6, 12]), ('divide', 2, [7, 14]), ('subtract', 1, [15, 22]), ('multiply', 294, [2, 8, 9, 16]), ('divide', 5, [17, 18]), ('subtract', 6, [21, 28]), ('multiply', 84, [23, 24, 25, 31]), ('add', 13, [26, 33, 34]), ('add', 16, [13, 19, 20, 27]), ('subtract', 3, [29, 30]), ('subtract', 1, [32, 39]), ('none', 5, [40]), ('multiply', 24, [35, 36, 42, 43]), ('add', 15, [37, 38, 44, 45]), ('multiply', 210, [41, 46, 47, 48])]
Success: 5.83 seconds

Test 13:
Constraints: [('multiply', 15, [0, 7]), ('subtract', 1, [5, 6]), ('add', 7, [1, 8]), ('add', 12, [2, 3, 4, 9]), ('multiply', 12, [14, 21, 22]), ('add', 10, [10, 17, 24]), ('multiply', 504, [11, 12, 13, 20]), ('add', 14, [15, 16, 23]), ('multiply', 84, [18, 19, 25, 26]), ('multiply', 168, [28, 35, 42]), ('divide', 3, [29, 30]), ('add', 19, [31, 32, 33, 38]), ('multiply', 30, [39, 40, 46, 47]), ('add', 13, [27, 34, 41, 48]), ('subtract', 5, [36, 43]), ('multiply', 90, [37, 44, 45])]
Success: 193.66 seconds

Test 14:
Constraints: [('multiply', 56, [2, 3, 4]), ('add', 11, [6, 13, 20]), ('subtract', 1, [8, 9]), ('multiply', 150, [5, 11, 12, 19]), ('add', 17, [0, 1, 7, 14]), ('add', 8, [10, 17, 18]), ('multiply', 60, [15, 16, 21, 22]), ('subtract', 6, [25, 32]), ('add', 17, [23, 24, 30, 31]), ('multiply', 42, [34, 41, 48]), ('multiply', 12, [28, 29, 35]), ('add', 12, [36, 37, 38]), ('multiply', 126, [26, 27, 33, 40]), ('add', 14, [42, 43, 44]), ('none', 3, [45]), ('multiply', 48, [39, 46, 47])]
Success: 9.89 seconds

Test 15:
Constraints: [('add', 12, [0, 1]), ('multiply', 12, [7, 8]), ('add', 20, [2, 3, 9, 10]), ('multiply', 30, [5, 6, 12, 13]), ('subtract', 4, [14, 15]), ('add', 12, [16, 17, 24, 25]), ('multiply', 56, [4, 11, 18, 19]), ('multiply', 144, [20, 26, 27]), ('add', 20, [21, 28, 35, 42]), ('multiply', 50, [23, 30, 31]), ('none', 7, [32]), ('add', 12, [33, 39, 40, 47]), ('add', 13, [22, 29, 36, 37]), ('divide', 3, [43, 44]), ('multiply', 42, [38, 45, 46]), ('multiply', 105, [34, 41, 48])]
Success: 1.11 seconds

Test 16:
Constraints: [('add', 19, [0, 1, 7, 14]), ('none', 4, [2]), ('multiply', 30, [3, 10]), ('none', 1, [4]), ('add', 12, [5, 6, 13, 20]), ('multiply', 147, [8, 9, 15, 22]), ('add', 17, [16, 17, 18, 23]), ('multiply', 84, [11, 12, 19]), ('add', 13, [24, 31, 38, 45]), ('subtract', 5, [25, 32]), ('subtract', 1, [21, 28]), ('divide', 4, [34, 41]), ('multiply', 60, [29, 30, 36, 37]), ('add', 16, [26, 27, 33, 40]), ('multiply', 144, [35, 42, 43, 44]), ('add', 21, [39, 46, 47, 48])]
Success: 11.01 seconds

Test 17:
Constraints: [('multiply', 42, [1, 8]), ('add', 16, [0, 7, 14]), ('multiply', 126, [2, 3, 9, 10]), ('add', 14, [4, 5, 6, 13]), ('add', 14, [17, 18, 24]), ('multiply', 10, [11, 12, 19]), ('divide', 3, [21, 28]), ('multiply', 48, [22, 29, 30, 31]), ('add', 7, [15, 16, 23]), ('add', 14, [26, 33, 40, 41]), ('subtract', 6, [25, 32]), ('multiply', 70, [20, 27, 34]), ('add', 11, [35, 36, 42, 43]), ('multiply', 336, [38, 39, 45, 46]), ('subtract', 2, [37, 44]), ('subtract', 1, [47, 48])]
Success: 17.24 seconds

Test 18:
Constraints: [('multiply', 120, [0, 1, 7, 8]), ('add', 8, [2, 9]), ('multiply', 28, [3, 4, 5]), ('divide', 3, [10, 17]), ('add', 16, [6, 11, 12, 13]), ('add', 14, [14, 15, 16]), ('subtract', 1, [19, 26]), ('subtract', 4, [20, 27]), ('multiply', 21, [23, 30]), ('add', 13, [21, 22, 28, 29]), ('multiply', 336, [18, 24, 25, 32]), ('add', 12, [34, 41, 48]), ('none', 7, [36]), ('multiply', 10, [37, 43, 44]), ('multiply', 15, [31, 38, 45]), ('add', 11, [33, 39, 40]), ('subtract', 2, [35, 42]), ('subtract', 4, [46, 47])]
Success: 1.6 seconds

Test 19:
Constraints: [('add', 10, [0, 1, 8]), ('subtract', 1, [3, 4]), ('multiply', 126, [7, 14, 21, 28]), ('multiply', 48, [2, 9, 10, 11]), ('add', 12, [6, 13]), ('subtract', 5, [15, 16]), ('add', 17, [17, 18, 23, 24]), ('multiply', 18, [5, 12, 19]), ('multiply', 360, [20, 25, 26, 27]), ('add', 16, [22, 29, 30, 31]), ('subtract', 3, [32, 33]), ('add', 7, [34, 40, 41]), ('none', 5, [35]), ('multiply', 168, [36, 37, 38]), ('multiply', 20, [39, 45, 46]), ('multiply', 36, [42, 43, 44]), ('divide', 7, [47, 48])]
Success: 11.34 seconds

Test 20:
Constraints: [('add', 21, [1, 2, 3, 10]), ('subtract', 1, [4, 5]), ('divide', 2, [0, 7]), ('multiply', 2, [8, 9]), ('multiply', 10, [11, 18, 25]), ('divide', 6, [6, 13]), ('add', 19, [14, 15, 21]), ('multiply', 96, [16, 17, 24]), ('add', 11, [12, 19, 20]), ('subtract', 4, [22, 29]), ('divide', 3, [28, 35]), ('subtract', 4, [23, 30]), ('add', 18, [31, 32, 39]), ('multiply', 18, [26, 33]), ('multiply', 56, [27, 34, 41]), ('subtract', 1, [36, 37]), ('add', 16, [42, 43, 44]), ('add', 7, [38, 45, 46]), ('multiply', 50, [40, 47, 48])]
Success: 0.02 seconds

Test 21:
Constraints: [('multiply', 75, [0, 1, 7, 8]), ('subtract', 1, [2, 3]), ('add', 17, [4, 5, 6]), ('multiply', 6, [12, 13]), ('add', 12, [9, 15, 16]), ('add', 11, [10, 11, 17]), ('multiply', 140, [18, 19, 20]), ('divide', 3, [14, 21]), ('subtract', 3, [22, 23]), ('multiply', 126, [26, 27, 34, 41]), ('add', 11, [28, 29, 36]), ('multiply', 630, [24, 25, 30, 31]), ('subtract', 3, [32, 33]), ('subtract', 2, [37, 38]), ('divide', 2, [39, 40]), ('subtract', 3, [35, 42]), ('add', 11, [43, 44, 45]), ('add', 10, [46, 47, 48])]
Success: 36.58 seconds

Test 22:
Constraints: [('multiply', 252, [0, 1, 2, 7]), ('add', 11, [3, 10]), ('add', 18, [4, 11, 18, 25]), ('multiply', 12, [6, 13, 20]), ('add', 14, [8, 9, 16, 17]), ('multiply', 72, [14, 15, 21]), ('add', 9, [5, 12, 19]), ('divide', 3, [22, 23]), ('multiply', 18, [24, 31, 32]), ('multiply', 210, [27, 34, 40, 41]), ('add', 7, [28, 29, 30]), ('subtract', 3, [26, 33]), ('subtract', 2, [35, 42]), ('divide', 4, [36, 37]), ('subtract', 4, [43, 44]), ('multiply', 60, [38, 39, 45]), ('add', 11, [46, 47, 48])]
Success: 194.98 seconds

Test 23:
Constraints: [('multiply', 15, [0, 1, 8]), ('add', 6, [2, 3]), ('subtract', 1, [5, 6]), ('divide', 3, [9, 10]), ('add', 13, [4, 11, 12, 13]), ('multiply', 84, [7, 14, 15]), ('multiply', 210, [16, 17, 24, 31]), ('divide', 3, [19, 20]), ('subtract', 5, [22, 23]), ('subtract', 1, [18, 25]), ('add', 15, [32, 39, 46]), ('divide', 2, [33, 40]), ('add', 9, [26, 27, 34]), ('multiply', 8, [21, 28, 35]), ('multiply', 1260, [29, 36, 42, 43]), ('add', 12, [30, 37, 44]), ('divide', 3, [38, 45]), ('multiply', 21, [41, 47, 48])]
Success: 56.08 seconds

Test 24:
Constraints: [('add', 8, [1, 8]), ('multiply', 36, [2, 9, 10]), ('subtract', 1, [3, 4]), ('add', 20, [5, 6, 13, 20]), ('multiply', 168, [0, 7, 14, 15]), ('multiply', 120, [11, 12, 18, 19]), ('add', 13, [21, 22, 29]), ('add', 13, [16, 17, 23, 24]), ('multiply', 42, [25, 26, 27]), ('add', 18, [30, 31, 37]), ('multiply', 120, [38, 45, 46]), ('add', 6, [32, 33, 39]), ('subtract', 4, [34, 41]), ('multiply', 30, [28, 35, 42]), ('multiply', 24, [36, 43, 44]), ('add', 14, [40, 47, 48])]
Success: 589.71 seconds

Test 25:
Constraints: [('multiply', 120, [6, 13, 20, 27]), ('add', 10, [0, 7, 14]), ('multiply', 210, [1, 8, 15]), ('add', 11, [2, 3, 9]), ('add', 12, [4, 5, 11, 12]), ('multiply', 168, [21, 28, 35]), ('add', 14, [16, 22, 23, 30]), ('multiply', 24, [10, 17, 24]), ('add', 16, [18, 25, 32]), ('multiply', 60, [31, 37, 38, 39]), ('multiply', 24, [29, 36, 42, 43]), ('add', 18, [19, 26, 33, 40]), ('subtract', 6, [34, 41]), ('subtract', 3, [44, 45]), ('add', 14, [46, 47, 48])]
Success: 538.21 seconds

Test 26:
Constraints: [('add', 19, [0, 1, 2, 7]), ('multiply', 30, [3, 4]), ('subtract', 1, [5, 6]), ('multiply', 168, [8, 9, 10, 11]), ('divide', 6, [12, 13]), ('none', 4, [14]), ('add', 12, [15, 16, 21, 22]), ('subtract', 2, [24, 25]), ('multiply', 245, [17, 18, 19, 26]), ('add', 12, [23, 28, 29, 30]), ('subtract', 1, [31, 32]), ('add', 17, [20, 27, 33, 34]), ('subtract', 1, [35, 42]), ('multiply', 15, [36, 37, 43]), ('multiply', 280, [38, 39, 40, 41]), ('add', 10, [44, 45, 46]), ('divide', 2, [47, 48])]
Success: 67.57 seconds

Test 27:
Constraints: [('multiply', 42, [0, 7, 14, 21]), ('add', 18, [1, 2, 3, 4]), ('divide', 2, [5, 6]), ('subtract', 3, [8, 9]), ('add', 11, [15, 16]), ('multiply', 28, [10, 11, 17]), ('add', 13, [12, 13, 18, 19]), ('multiply', 28, [20, 27, 34]), ('add', 14, [22, 28, 29]), ('divide', 2, [24, 25]), ('subtract', 4, [26, 33]), ('subtract', 5, [35, 36]), ('add', 11, [23, 30, 37]), ('multiply', 60, [38, 45, 46]), ('multiply', 42, [31, 32, 39]), ('add', 8, [42, 43, 44]), ('multiply', 252, [40, 41, 47, 48])]
Success: 146.97 seconds

Test 28:
Constraints: [('multiply', 336, [3, 4, 5, 6]), ('add', 14, [1, 2, 8, 9]), ('subtract', 2, [10, 17]), ('multiply', 84, [11, 12, 13]), ('add', 11, [0, 7, 14]), ('divide', 5, [19, 20]), ('subtract', 2, [21, 28]), ('divide', 6, [15, 22]), ('add', 10, [18, 25]), ('multiply', 200, [26, 27, 32, 33]), ('multiply', 105, [29, 30, 37]), ('add', 13, [16, 23, 24, 31]), ('multiply', 840, [35, 36, 42, 43]), ('add', 12, [40, 46, 47]), ('multiply', 48, [38, 39, 44, 45]), ('add', 10, [34, 41, 48])]
Success: 230.63 seconds

Test 29:
Constraints: [('add', 17, [0, 1, 2, 8]), ('multiply', 84, [3, 10, 11]), ('multiply', 30, [4, 5, 6]), ('subtract', 1, [7, 14]), ('add', 8, [9, 16, 17]), ('add', 8, [12, 13, 20]), ('subtract', 1, [15, 22]), ('multiply', 15, [23, 24, 30]), ('add', 17, [25, 32, 33]), ('multiply', 112, [18, 19, 26, 27]), ('multiply', 6, [21, 28, 29]), ('add', 16, [31, 38, 45]), ('subtract', 4, [34, 41]), ('add', 19, [35, 36, 37, 42]), ('multiply', 30, [40, 47, 48]), ('subtract', 1, [43, 44]), ('divide', 4, [39, 46])]
Success: 42.84 seconds

Test 30:
Constraints: [('add', 11, [0, 1, 7]), ('multiply', 140, [2, 3, 10]), ('add', 13, [4, 5, 6]), ('subtract', 2, [8, 9]), ('multiply', 280, [14, 21, 28, 29]), ('add', 16, [11, 12, 17, 18]), ('multiply', 168, [13, 19, 20]), ('multiply', 48, [15, 16, 22, 23]), ('add', 15, [24, 25, 26, 27]), ('multiply', 8, [33, 34, 40]), ('add', 16, [30, 37, 43, 44]), ('multiply', 21, [32, 39, 46]), ('add', 9, [41, 47, 48]), ('add', 15, [35, 36, 42]), ('multiply', 84, [31, 38, 45])]
Failed

Test 31:
Constraints: [('add', 7, [2, 9]), ('multiply', 35, [3, 4, 10]), ('subtract', 2, [5, 6]), ('add', 17, [0, 1, 7, 8]), ('multiply', 12, [12, 13, 20]), ('multiply', 42, [15, 16, 17]), ('add', 9, [11, 18, 25]), ('multiply', 840, [19, 26, 27, 34]), ('add', 12, [14, 21, 22]), ('subtract', 4, [28, 29]), ('subtract', 2, [23, 30]), ('multiply', 72, [24, 31, 32, 38]), ('none', 2, [33]), ('add', 8, [35, 36, 42]), ('multiply', 48, [37, 43, 44]), ('add', 18, [39, 45, 46]), ('multiply', 28, [40, 41, 47]), ('none', 3, [48])]
Success: 85.06 seconds

Test 32:
Constraints: [('multiply', 56, [0, 1, 7, 8]), ('add', 15, [4, 5, 6, 11]), ('multiply', 336, [14, 15, 22, 23]), ('add', 12, [2, 3, 9, 16]), ('add', 15, [10, 17, 18]), ('multiply', 630, [12, 13, 19, 20]), ('add', 12, [26, 27, 33, 34]), ('multiply', 105, [29, 30, 31]), ('multiply', 180, [21, 28, 35, 36]), ('add', 9, [38, 45, 46]), ('multiply', 120, [24, 25, 32, 39]), ('add', 13, [40, 41, 48]), ('divide', 6, [42, 43]), ('subtract', 1, [37, 44]), ('none', 2, [47])]
Failed

Test 33:
Constraints: [('subtract', 3, [4, 5]), ('none', 5, [6]), ('multiply', 35, [8, 9, 15]), ('add', 14, [1, 2, 3, 10]), ('divide', 3, [11, 12]), ('multiply', 56, [0, 7, 14]), ('add', 9, [16, 17]), ('divide', 2, [13, 20]), ('multiply', 120, [21, 22, 28]), ('add', 10, [23, 24, 25]), ('multiply', 84, [18, 19, 26]), ('add', 11, [29, 36, 43]), ('multiply', 2, [27, 33, 34]), ('add', 18, [30, 31, 32, 38]), ('add', 17, [39, 40, 41, 48]), ('subtract', 2, [35, 42]), ('multiply', 90, [37, 44, 45]), ('subtract', 2, [46, 47])]
Success: 40.72 seconds

Test 34:
Constraints: [('add', 10, [0, 1, 7]), ('multiply', 168, [2, 3, 10]), ('subtract', 1, [5, 6]), ('divide', 2, [8, 9]), ('multiply', 5, [13, 20]), ('add', 16, [14, 21, 28, 35]), ('add', 7, [15, 22, 23]), ('multiply', 28, [16, 17, 24]), ('multiply', 70, [4, 11, 18, 25]), ('add', 14, [12, 19, 26]), ('multiply', 28, [27, 33, 34]), ('subtract', 1, [29, 36]), ('add', 13, [30, 31, 37]), ('multiply', 54, [32, 38, 39]), ('add', 11, [42, 43, 44]), ('add', 11, [45, 46, 47]), ('multiply', 84, [40, 41, 48])]
Success: 8.27 seconds

Test 35:
Constraints: [('subtract', 2, [0, 1]), ('add', 14, [2, 9, 16]), ('multiply', 6, [7, 8]), ('multiply', 630, [3, 4, 10, 11]), ('add', 10, [5, 6, 12]), ('divide', 2, [14, 15]), ('add', 12, [17, 18, 25]), ('multiply', 84, [13, 19, 20, 26]), ('subtract', 1, [21, 22]), ('divide', 2, [23, 24]), ('subtract', 4, [28, 29]), ('add', 9, [31, 32, 39]), ('multiply', 50, [27, 33, 34]), ('multiply', 75, [35, 36, 42, 43]), ('add', 16, [30, 37, 38, 44]), ('subtract', 5, [45, 46]), ('multiply', 432, [40, 41, 47, 48])]
Success: 12.15 seconds

Test 36:
Constraints: [('multiply', 15, [0, 7, 8]), ('add', 8, [1, 2, 9]), ('multiply', 420, [3, 4, 5, 6]), ('add', 19, [10, 11, 12, 13]), ('subtract', 1, [15, 16]), ('none', 4, [20]), ('add', 14, [22, 23, 24]), ('multiply', 42, [19, 26, 27]), ('add', 13, [14, 21, 28]), ('multiply', 48, [29, 30, 37]), ('multiply', 18, [17, 18, 25, 32]), ('subtract', 2, [33, 34]), ('divide', 2, [35, 36]), ('add', 10, [31, 38, 39]), ('add', 19, [40, 41, 46, 47]), ('multiply', 14, [42, 43, 44]), ('none', 4, [45]), ('none', 3, [48])]
Success: 342.39 seconds

Test 37:
Constraints: [('add', 19, [1, 2, 9, 10]), ('multiply', 84, [3, 4, 5, 6]), ('multiply', 15, [0, 7, 14]), ('add', 13, [11, 17, 18]), ('multiply', 96, [12, 13, 19, 20]), ('add', 18, [21, 22, 28]), ('add', 19, [8, 15, 16, 23]), ('multiply', 168, [24, 25, 30, 31]), ('add', 9, [26, 27, 33, 34]), ('multiply', 16, [35, 42, 43, 44]), ('multiply', 14, [29, 36, 37]), ('add', 14, [32, 39, 40]), ('add', 15, [38, 45, 46]), ('multiply', 105, [41, 47, 48])]
Success: 2.06 seconds

Test 38:
Constraints: [('multiply', 42, [0, 1, 7]), ('add', 12, [3, 4, 10, 11]), ('subtract', 2, [5, 6]), ('multiply', 84, [2, 8, 9]), ('add', 16, [12, 13, 19, 20]), ('add', 14, [15, 16, 17, 18]), ('multiply', 140, [22, 23, 24]), ('multiply', 6, [26, 27, 34]), ('add', 11, [14, 21, 28]), ('subtract', 5, [31, 38]), ('multiply', 30, [25, 32, 33]), ('add', 13, [29, 30, 37]), ('multiply', 6, [35, 36, 42]), ('add', 14, [43, 44, 45]), ('add', 16, [39, 40, 46, 47]), ('subtract', 2, [41, 48])]
Failed

Test 39:
Constraints: [('multiply', 36, [0, 1, 7, 8]), ('add', 14, [3, 4, 5]), ('add', 17, [2, 9, 10]), ('multiply', 252, [11, 18, 25, 26]), ('add', 22, [15, 22, 29, 36]), ('divide', 3, [16, 17]), ('subtract', 1, [12, 19]), ('multiply', 120, [6, 13, 20, 27]), ('multiply', 120, [14, 21, 28, 35]), ('add', 15, [23, 24, 30, 31]), ('multiply', 6, [33, 34, 40]), ('add', 13, [37, 38, 44, 45]), ('add', 12, [41, 47, 48]), ('subtract', 6, [42, 43]), ('multiply', 140, [32, 39, 46])]
Success: 1.98 seconds

Test 40:
Constraints: [('add', 7, [0, 1]), ('multiply', 180, [2, 7, 8, 9]), ('add', 13, [6, 13, 20]), ('multiply', 168, [4, 5, 11, 12]), ('multiply', 14, [3, 10, 17]), ('subtract', 2, [18, 25]), ('subtract', 2, [14, 21]), ('add', 10, [16, 23, 24]), ('multiply', 36, [19, 26, 27]), ('add', 21, [15, 22, 28, 29]), ('multiply', 12, [31, 32, 38]), ('divide', 2, [34, 41]), ('divide', 6, [35, 36]), ('subtract', 1, [42, 43]), ('add', 21, [30, 37, 44, 45]), ('multiply', 420, [33, 39, 40, 46]), ('subtract', 1, [47, 48])]
Failed

Test 41:
Constraints: [('add', 8, [0, 1, 2, 7]), ('multiply', 60, [3, 10, 17]), ('subtract', 4, [5, 6]), ('multiply', 48, [4, 11, 18]), ('add', 20, [12, 13, 19, 20]), ('add', 22, [8, 9, 15, 22]), ('multiply', 18, [16, 23, 24]), ('divide', 4, [25, 26]), ('divide', 2, [27, 34]), ('multiply', 105, [14, 21, 28]), ('add', 9, [33, 40, 41]), ('subtract', 1, [29, 36]), ('add', 15, [31, 32, 38]), ('subtract', 2, [39, 46]), ('multiply', 84, [35, 42, 43]), ('add', 16, [30, 37, 44, 45]), ('divide', 6, [47, 48])]
Success: 19.64 seconds

Test 42:
Constraints: [('multiply', 14, [4, 5]), ('add', 22, [0, 1, 7, 8]), ('add', 17, [2, 9, 16, 23]), ('multiply', 36, [3, 10, 11, 12]), ('multiply', 24, [6, 13, 20, 27]), ('add', 15, [14, 15, 22]), ('multiply', 105, [17, 18, 19, 26]), ('none', 2, [21]), ('add', 14, [24, 25, 31]), ('multiply', 54, [28, 29, 30, 37]), ('divide', 7, [35, 42]), ('add', 13, [36, 43, 44, 45]), ('subtract', 1, [38, 39]), ('add', 19, [32, 33, 34, 41]), ('multiply', 140, [40, 46, 47, 48])]
Success: 269.99 seconds

Test 43:
Constraints: [('multiply', 48, [0, 1, 7, 8]), ('add', 18, [2, 9, 15, 16]), ('subtract', 6, [3, 4]), ('subtract', 2, [10, 17]), ('add', 10, [11, 12, 18]), ('multiply', 72, [19, 26, 27]), ('multiply', 300, [5, 6, 13, 20]), ('divide', 5, [14, 21]), ('add', 15, [22, 23, 30]), ('multiply', 144, [24, 31, 38, 45]), ('subtract', 2, [28, 29]), ('add', 13, [25, 32, 33, 34]), ('divide', 6, [35, 36]), ('multiply', 210, [37, 42, 43, 44]), ('subtract', 3, [46, 47]), ('add', 16, [39, 40, 41, 48])]
Failed

Test 44:
Constraints: [('add', 9, [3, 4]), ('multiply', 6, [5, 12]), ('add', 8, [0, 7, 8]), ('multiply', 84, [1, 2, 9, 10]), ('add', 16, [6, 13, 19, 20]), ('multiply', 420, [14, 15, 21, 28]), ('add', 17, [11, 16, 17, 18]), ('subtract', 1, [23, 24]), ('subtract', 3, [26, 27]), ('none', 4, [30]), ('none', 2, [31]), ('multiply', 630, [25, 32, 33, 40]), ('add', 21, [35, 42, 43, 44]), ('multiply', 63, [22, 29, 36, 37]), ('multiply', 6, [39, 46, 47]), ('divide', 7, [38, 45]), ('add', 7, [34, 41, 48])]
Success: 14.6 seconds

Test 45:
Constraints: [('add', 12, [3, 4, 5]), ('multiply', 126, [0, 1, 2, 7]), ('add', 16, [8, 9, 10, 11]), ('multiply', 28, [6, 12, 13]), ('subtract', 2, [14, 21]), ('divide', 5, [15, 22]), ('multiply', 126, [16, 17, 23, 24]), ('add', 15, [18, 19, 25]), ('multiply', 60, [20, 26, 27]), ('add', 12, [28, 29, 30]), ('multiply', 21, [31, 32, 38]), ('add', 21, [33, 34, 39, 40]), ('multiply', 40, [36, 37, 44]), ('divide', 6, [41, 48]), ('add', 15, [35, 42, 43]), ('add', 7, [45, 46, 47])]
Success: 5.52 seconds

Test 46:
Constraints: [('add', 21, [2, 3, 8, 9]), ('multiply', 40, [4, 11, 18, 19]), ('multiply', 18, [0, 1, 7]), ('subtract', 1, [5, 12]), ('add', 9, [14, 21]), ('multiply', 60, [6, 13, 20]), ('add', 18, [15, 16, 22, 23]), ('add', 8, [10, 17, 24]), ('divide', 5, [28, 35]), ('multiply', 252, [25, 30, 31, 32]), ('add', 17, [26, 27, 33]), ('multiply', 24, [29, 36, 37]), ('multiply', 140, [38, 39, 40, 46]), ('add', 16, [34, 41, 47, 48]), ('subtract', 1, [42, 43]), ('divide', 2, [44, 45])]
Success: 394.32 seconds

Test 47:
Constraints: [('multiply', 72, [0, 1, 7]), ('add', 7, [3, 10]), ('multiply', 21, [4, 5, 6]), ('subtract', 2, [2, 9]), ('divide', 2, [11, 12]), ('add', 16, [8, 15, 16, 17]), ('subtract', 2, [18, 25]), ('multiply', 30, [13, 19, 20]), ('add', 14, [14, 21, 22]), ('subtract', 1, [29, 30]), ('multiply', 14, [23, 24, 31]), ('add', 18, [32, 38, 39, 46]), ('multiply', 15, [28, 35, 42]), ('add', 12, [36, 37, 43]), ('divide', 3, [44, 45]), ('add', 17, [26, 33, 40, 47]), ('multiply', 168, [27, 34, 41, 48])]
Success: 434.07 seconds

Test 48:
Constraints: [('add', 7, [1, 2, 8]), ('subtract', 4, [4, 5]), ('multiply', 30, [6, 13]), ('add', 8, [0, 7, 14]), ('multiply', 90, [3, 10, 11]), ('multiply', 12, [12, 19, 26]), ('subtract', 3, [9, 16]), ('subtract', 5, [20, 27]), ('add', 10, [21, 28, 29]), ('multiply', 75, [15, 22, 23]), ('add', 14, [17, 18, 24]), ('multiply', 140, [25, 30, 31, 32]), ('add', 13, [33, 34, 40, 41]), ('none', 6, [36]), ('add', 9, [37, 38, 45]), ('multiply', 245, [35, 42, 43]), ('none', 6, [44]), ('add', 10, [39, 46, 47, 48])]
Success: 7.86 seconds

Test 49:
Constraints: [('multiply', 12, [0, 7, 14]), ('add', 12, [1, 2, 8]), ('multiply', 840, [4, 5, 11, 12]), ('add', 16, [3, 9, 10, 16]), ('multiply', 21, [17, 18, 19]), ('add', 9, [6, 13, 20]), ('multiply', 75, [15, 21, 22]), ('subtract', 1, [24, 31]), ('add', 14, [28, 35, 42]), ('multiply', 12, [29, 36, 43]), ('none', 2, [32]), ('add', 14, [25, 26, 27, 33]), ('multiply', 35, [34, 41, 48]), ('add', 13, [23, 30, 37]), ('subtract', 1, [38, 39]), ('multiply', 90, [44, 45, 46]), ('divide', 2, [40, 47])]
Success: 11.69 seconds

Test 50:
Constraints: [('subtract', 4, [2, 3]), ('add', 10, [4, 11, 12]), ('multiply', 105, [0, 1, 7]), ('add', 17, [10, 17, 24]), ('multiply', 21, [5, 6, 13]), ('subtract', 1, [14, 15]), ('add', 13, [8, 9, 16]), ('multiply', 42, [18, 25, 32]), ('multiply', 30, [19, 20, 26, 27]), ('add', 11, [21, 28, 35]), ('add', 9, [22, 23, 29]), ('multiply', 6, [30, 36, 37]), ('subtract', 2, [31, 38]), ('add', 17, [34, 41, 47, 48]), ('subtract', 5, [42, 43]), ('divide', 4, [44, 45]), ('multiply', 630, [33, 39, 40, 46])]
Success: 153.15 seconds

Test 51:
Constraints: [('add', 17, [1, 2, 3, 10]), ('multiply', 224, [4, 5, 6, 11]), ('divide', 3, [12, 13]), ('add', 11, [14, 21, 22]), ('multiply', 60, [0, 7, 8, 15]), ('subtract', 2, [17, 18]), ('multiply', 30, [19, 20, 27]), ('add', 14, [9, 16, 23]), ('add', 13, [26, 32, 33]), ('multiply', 8, [28, 29, 30]), ('multiply', 150, [24, 25, 31]), ('subtract', 1, [37, 38]), ('add', 9, [39, 40, 47]), ('add', 18, [34, 41, 48]), ('multiply', 168, [35, 36, 42]), ('multiply', 120, [43, 44, 45, 46])]
Success: 2.84 seconds

Test 52:
Constraints: [('multiply', 2, [0, 1]), ('add', 16, [2, 3, 4, 11]), ('multiply', 28, [7, 14, 15]), ('add', 13, [8, 9, 10]), ('add', 12, [5, 6, 12]), ('multiply', 630, [16, 17, 18, 19]), ('add', 7, [23, 24, 30]), ('divide', 3, [25, 32]), ('multiply', 300, [13, 20, 26, 27]), ('multiply', 56, [21, 22, 29]), ('add', 16, [33, 34, 40]), ('add', 14, [28, 35, 36]), ('multiply', 10, [31, 37, 38]), ('subtract', 3, [41, 48]), ('multiply', 90, [42, 43, 44]), ('none', 7, [45]), ('add', 13, [39, 46, 47])]
Success: 3.89 seconds

Test 53:
Constraints: [('multiply', 72, [0, 7, 14, 15]), ('add', 13, [1, 2]), ('multiply', 80, [3, 4, 5, 11]), ('subtract', 2, [8, 9]), ('add', 6, [6, 12, 13]), ('multiply', 15, [10, 17, 24]), ('add', 14, [16, 21, 22, 23]), ('multiply', 420, [18, 25, 31, 32]), ('subtract', 1, [19, 26]), ('add', 14, [29, 30, 37, 38]), ('multiply', 56, [20, 27, 34]), ('add', 12, [28, 35, 36]), ('multiply', 60, [33, 40, 41, 47]), ('add', 8, [42, 43, 44]), ('add', 16, [39, 45, 46]), ('none', 6, [48])]
Success: 80.85 seconds

Test 54:
Constraints: [('add', 18, [0, 7, 8, 9]), ('multiply', 60, [1, 2, 3]), ('add', 10, [10, 17, 24, 31]), ('multiply', 42, [4, 5, 11]), ('add', 9, [6, 12, 13]), ('multiply', 14, [14, 15, 16]), ('multiply', 30, [18, 19, 25]), ('none', 6, [20]), ('divide', 2, [21, 22]), ('subtract', 3, [27, 34]), ('add', 16, [28, 35, 36, 42]), ('multiply', 35, [23, 29, 30]), ('add', 13, [26, 32, 33, 39]), ('subtract', 1, [40, 41]), ('subtract', 1, [43, 44]), ('add', 19, [37, 38, 45]), ('multiply', 140, [46, 47, 48])]
Success: 459.43 seconds

Test 55:
Constraints: [('add', 14, [0, 1, 7]), ('multiply', 252, [2, 3, 9, 10]), ('subtract', 4, [4, 11]), ('multiply', 12, [5, 6, 12]), ('add', 11, [8, 14, 15]), ('subtract', 5, [16, 17]), ('multiply', 72, [13, 19, 20]), ('add', 14, [21, 22, 23]), ('divide', 3, [26, 27]), ('add', 11, [28, 35, 42]), ('multiply', 36, [29, 30, 36, 43]), ('subtract', 1, [24, 31]), ('add', 13, [18, 25, 32]), ('multiply', 196, [33, 39, 40]), ('divide', 3, [37, 38]), ('add', 12, [44, 45, 46]), ('multiply', 350, [34, 41, 47, 48])]
Success: 7.96 seconds

Test 56:
Constraints: [('multiply', 360, [0, 1, 7, 8]), ('add', 12, [2, 9, 16]), ('add', 16, [4, 5, 12, 19]), ('multiply', 180, [3, 10, 11, 17]), ('multiply', 21, [6, 13, 20]), ('add', 14, [18, 24, 25]), ('multiply', 20, [14, 15, 22]), ('add', 19, [23, 30, 31, 38]), ('subtract', 1, [26, 27]), ('subtract', 3, [32, 39]), ('multiply', 120, [33, 34, 40, 41]), ('add', 16, [21, 28, 35, 42]), ('add', 11, [29, 36, 43]), ('multiply', 6, [37, 44, 45]), ('add', 15, [46, 47, 48])]
Failed

Test 57:
Constraints: [('multiply', 504, [0, 1, 7, 8]), ('add', 13, [2, 3, 9]), ('subtract', 1, [5, 6]), ('add', 16, [4, 10, 11]), ('multiply', 18, [12, 13, 20]), ('multiply', 140, [14, 15, 16, 23]), ('add', 10, [17, 24, 31]), ('divide', 2, [18, 19]), ('multiply', 24, [21, 22, 28]), ('subtract', 2, [29, 30]), ('add', 18, [25, 26, 27, 32]), ('none', 6, [33]), ('none', 1, [35]), ('subtract', 4, [37, 38]), ('none', 6, [39]), ('multiply', 60, [36, 42, 43, 44]), ('add', 9, [45, 46, 47]), ('multiply', 420, [34, 40, 41, 48])]
Success: 14.0 seconds

Test 58:
Constraints: [('add', 14, [0, 1, 2, 3]), ('multiply', 24, [10, 11]), ('multiply', 126, [4, 5, 6, 12]), ('none', 2, [13]), ('add', 19, [7, 8, 9, 14]), ('subtract', 2, [15, 22]), ('multiply', 120, [16, 17, 18, 25]), ('add', 14, [21, 28, 35, 36]), ('divide', 3, [23, 24]), ('subtract', 5, [31, 32]), ('add', 11, [19, 26, 33]), ('multiply', 24, [29, 30, 37]), ('subtract', 2, [38, 39]), ('multiply', 35, [40, 47, 48]), ('add', 20, [20, 27, 34, 41]), ('add', 11, [42, 43, 44]), ('subtract', 1, [45, 46])]
Failed

Test 59:
Constraints: [('multiply', 35, [2, 3, 4]), ('add', 11, [5, 6, 12]), ('subtract', 5, [0, 7]), ('multiply', 120, [1, 8, 14, 15]), ('add', 16, [9, 16, 23]), ('multiply', 160, [10, 11, 18, 25]), ('add', 18, [13, 20, 27]), ('add', 10, [21, 22, 29]), ('divide', 6, [17, 24]), ('multiply', 42, [19, 26, 33, 34]), ('subtract', 1, [30, 37]), ('multiply', 18, [31, 32, 38, 39]), ('add', 11, [28, 35, 42]), ('add', 21, [36, 43, 44, 45]), ('multiply', 120, [40, 46, 47]), ('subtract', 1, [41, 48])]
Success: 16.12 seconds

Test 60:
Constraints: [('multiply', 140, [1, 2, 3]), ('subtract', 2, [4, 5]), ('add', 8, [8, 9, 15]), ('divide', 4, [11, 12]), ('add', 12, [0, 7, 14]), ('multiply', 144, [10, 16, 17, 23]), ('subtract', 2, [18, 19]), ('add', 16, [6, 13, 20]), ('multiply', 84, [24, 25, 26]), ('add', 15, [21, 22, 28]), ('multiply', 210, [29, 30, 31, 38]), ('add', 8, [35, 36, 42]), ('multiply', 24, [32, 33, 39]), ('add', 14, [27, 34, 40, 41]), ('multiply', 126, [37, 43, 44, 45]), ('multiply', 40, [46, 47, 48])]
Failed

Test 61:
Constraints: [('multiply', 36, [0, 7, 8, 9]), ('divide', 7, [1, 2]), ('add', 17, [3, 4, 10, 11]), ('subtract', 2, [5, 6]), ('multiply', 72, [14, 15, 16]), ('add', 7, [17, 18, 25]), ('subtract', 2, [12, 19]), ('add', 11, [13, 20]), ('multiply', 14, [21, 28, 29]), ('add', 16, [22, 23, 24, 31]), ('multiply', 36, [27, 34, 41, 48]), ('multiply', 49, [32, 38, 39]), ('add', 18, [35, 36, 42, 43]), ('add', 12, [26, 33, 40]), ('multiply', 140, [30, 37, 44]), ('add', 9, [45, 46, 47])]
Success: 1.41 seconds

Test 62:
Constraints: [('add', 15, [0, 1, 7]), ('multiply', 7, [2, 9]), ('add', 10, [3, 10, 11]), ('multiply', 36, [4, 5, 12]), ('subtract', 5, [6, 13]), ('add', 15, [8, 14, 15, 16]), ('multiply', 126, [17, 24, 25]), ('add', 9, [26, 32, 33, 34]), ('multiply', 175, [18, 19, 20, 27]), ('add', 17, [22, 23, 29, 30]), ('none', 2, [31]), ('multiply', 147, [21, 28, 35, 36]), ('divide', 5, [42, 43]), ('add', 10, [37, 38, 44]), ('multiply', 168, [45, 46, 47]), ('add', 15, [39, 40, 41, 48])]
Success: 16.48 seconds

Test 63:
Constraints: [('add', 22, [2, 3, 9, 10]), ('multiply', 70, [0, 1, 7, 8]), ('multiply', 36, [4, 5, 11]), ('add', 8, [6, 13, 20]), ('subtract', 2, [14, 15]), ('divide', 6, [16, 23]), ('add', 11, [17, 18, 25]), ('multiply', 40, [24, 31, 38]), ('add', 14, [12, 19, 26, 27]), ('subtract', 3, [32, 39]), ('multiply', 150, [33, 34, 41]), ('multiply', 294, [22, 29, 30, 37]), ('add', 20, [40, 46, 47, 48]), ('add', 14, [21, 28, 35, 42]), ('multiply', 144, [36, 43, 44, 45])]
Success: 11.71 seconds

Test 64:
Constraints: [('multiply', 56, [0, 7, 14, 21]), ('add', 15, [1, 2, 3, 4]), ('multiply', 60, [6, 13, 19, 20]), ('add', 12, [10, 11, 18]), ('subtract', 2, [5, 12]), ('multiply', 336, [8, 9, 15, 22]), ('add', 13, [16, 17, 23, 24]), ('divide', 2, [25, 26]), ('multiply', 42, [29, 30, 36]), ('add', 13, [31, 32, 37, 38]), ('subtract', 1, [33, 40]), ('multiply', 42, [27, 34, 41]), ('add', 16, [28, 35, 42, 43]), ('add', 22, [39, 44, 45, 46]), ('divide', 4, [47, 48])]
Failed

Test 65:
Constraints: [('add', 13, [0, 1, 7]), ('subtract', 1, [2, 3]), ('multiply', 840, [8, 9, 10, 15]), ('divide', 5, [4, 11]), ('subtract', 2, [6, 13]), ('multiply', 2, [17, 18]), ('add', 12, [5, 12, 19]), ('add', 15, [14, 21, 28]), ('multiply', 105, [16, 22, 23]), ('add', 14, [20, 25, 26, 27]), ('multiply', 16, [29, 35, 36, 42]), ('divide', 3, [30, 37]), ('add', 15, [24, 31, 32]), ('multiply', 315, [33, 40, 46, 47]), ('subtract', 1, [38, 39]), ('divide', 4, [43, 44]), ('none', 6, [45]), ('add', 9, [34, 41, 48])]
Success: 5.65 seconds

Test 66:
Constraints: [('add', 18, [1, 2, 3, 4]), ('multiply', 42, [5, 6, 12]), ('multiply', 42, [0, 7, 8]), ('add', 13, [9, 14, 15, 16]), ('none', 2, [10]), ('multiply', 60, [11, 17, 18, 19]), ('add', 17, [21, 28, 35, 42]), ('add', 16, [23, 30, 36, 37]), ('subtract', 4, [24, 25]), ('multiply', 1050, [13, 20, 26, 27]), ('divide', 3, [22, 29]), ('subtract', 1, [33, 34]), ('multiply', 48, [31, 32, 38, 39]), ('add', 21, [43, 44, 45, 46]), ('add', 11, [40, 41, 47, 48])]
Success: 19.87 seconds

Test 67:
Constraints: [('add', 8, [0, 1]), ('multiply', 240, [3, 4, 10, 11]), ('add', 14, [5, 6, 13]), ('multiply', 84, [7, 14, 15]), ('multiply', 15, [2, 8, 9]), ('add', 15, [12, 18, 19]), ('add', 14, [16, 21, 22, 23]), ('multiply', 18, [25, 32, 39]), ('add', 11, [20, 26, 27]), ('multiply', 21, [17, 24, 30, 31]), ('multiply', 14, [33, 34, 41]), ('add', 15, [28, 29, 35]), ('multiply', 84, [36, 37, 44]), ('add', 14, [38, 45, 46]), ('subtract', 1, [42, 43]), ('multiply', 20, [40, 47, 48])]
Success: 2.54 seconds

Test 68:
Constraints: [('multiply', 12, [0, 1]), ('add', 13, [2, 3, 4]), ('add', 17, [5, 6, 12, 13]), ('subtract', 4, [9, 10]), ('multiply', 84, [7, 8, 14, 15]), ('add', 17, [11, 17, 18, 19]), ('multiply', 90, [20, 26, 27, 33]), ('divide', 2, [21, 22]), ('add', 12, [16, 23, 29, 30]), ('multiply', 245, [24, 25, 31]), ('none', 4, [32]), ('none', 3, [34]), ('divide', 5, [28, 35]), ('add', 15, [36, 42, 43]), ('multiply', 24, [37, 38, 39]), ('multiply', 56, [40, 41, 48]), ('add', 12, [44, 45, 46, 47])]
Success: 0.8 seconds

Test 69:
Constraints: [('add', 11, [0, 1, 2]), ('multiply', 18, [4, 5, 6]), ('add', 18, [3, 8, 9, 10]), ('multiply', 420, [11, 12, 19, 26]), ('add', 15, [13, 20, 27, 34]), ('multiply', 8, [17, 18, 24]), ('subtract', 1, [15, 22]), ('add', 19, [7, 14, 21, 28]), ('multiply', 18, [16, 23, 29, 30]), ('subtract', 1, [25, 32]), ('add', 16, [35, 36, 42, 43]), ('multiply', 40, [31, 37, 38]), ('add', 12, [33, 40, 41]), ('multiply', 315, [39, 44, 45, 46]), ('divide', 4, [47, 48])]
Success: 83.51 seconds

Test 70:
Constraints: [('add', 4, [1, 8]), ('multiply', 420, [2, 3, 9, 10]), ('add', 17, [5, 6, 12, 13]), ('divide', 3, [0, 7]), ('subtract', 3, [4, 11]), ('multiply', 105, [17, 18, 19]), ('multiply', 14, [20, 27, 34]), ('subtract', 2, [14, 21]), ('divide', 3, [15, 22]), ('divide', 4, [16, 23]), ('none', 7, [24]), ('add', 4, [25, 32]), ('multiply', 30, [28, 29, 30]), ('subtract', 1, [26, 33]), ('add', 14, [31, 38, 39, 40]), ('add', 21, [35, 36, 37, 42]), ('subtract', 1, [43, 44]), ('multiply', 12, [45, 46, 47]), ('subtract', 1, [41, 48])]
Success: 62.96 seconds

Test 71:
Constraints: [('multiply', 120, [2, 3, 4]), ('add', 15, [0, 1, 7, 8]), ('add', 16, [9, 16, 23, 30]), ('multiply', 40, [10, 11, 17]), ('add', 12, [5, 6, 12, 13]), ('multiply', 30, [14, 21, 28]), ('add', 16, [18, 19, 20, 27]), ('multiply', 70, [15, 22, 29]), ('multiply', 42, [24, 31, 38, 45]), ('add', 18, [25, 32, 39, 46]), ('add', 14, [26, 33, 34]), ('subtract', 1, [35, 42]), ('multiply', 360, [36, 37, 43, 44]), ('add', 17, [40, 41, 47, 48])]
Failed

Test 72:
Constraints: [('add', 17, [0, 1, 7, 8]), ('multiply', 28, [4, 5, 6, 11]), ('subtract', 2, [9, 16]), ('multiply', 90, [2, 3, 10, 17]), ('add', 15, [12, 13, 20]), ('multiply', 48, [14, 15, 21]), ('add', 10, [18, 24, 25]), ('add', 20, [19, 26, 27]), ('multiply', 90, [22, 28, 29]), ('add', 14, [23, 30, 31, 32]), ('divide', 3, [33, 34]), ('subtract', 3, [35, 36]), ('multiply', 1008, [38, 39, 45, 46]), ('add', 16, [37, 42, 43, 44]), ('multiply', 60, [40, 41, 47, 48])]
Success: 9.76 seconds

Test 73:
Constraints: [('multiply', 210, [2, 3, 4, 5]), ('divide', 7, [0, 7]), ('add', 19, [1, 8, 9, 10]), ('multiply', 84, [14, 15, 21]), ('add', 16, [17, 24, 31, 32]), ('multiply', 10, [11, 12, 18]), ('add', 10, [22, 29, 36]), ('add', 17, [16, 23, 30, 37]), ('multiply', 126, [19, 25, 26, 33]), ('add', 14, [6, 13, 20, 27]), ('subtract', 2, [28, 35]), ('multiply', 48, [38, 39, 40, 46]), ('add', 8, [42, 43, 44]), ('none', 5, [45]), ('multiply', 294, [34, 41, 47, 48])]
Success: 99.02 seconds

Test 74:
Constraints: [('multiply', 54, [2, 8, 9]), ('add', 13, [0, 1, 7]), ('none', 4, [10]), ('multiply', 150, [3, 4, 5, 11]), ('add', 13, [6, 12, 13, 19]), ('add', 19, [14, 15, 21, 22]), ('subtract', 1, [20, 27]), ('multiply', 84, [17, 18, 24]), ('add', 13, [26, 33, 34]), ('multiply', 28, [16, 23, 30, 31]), ('divide', 2, [25, 32]), ('add', 15, [28, 29, 35, 36]), ('multiply', 140, [40, 41, 47, 48]), ('add', 13, [37, 42, 43, 44]), ('multiply', 378, [38, 39, 45, 46])]
Success: 38.88 seconds

Test 75:
Constraints: [('add', 19, [4, 5, 6, 13]), ('multiply', 54, [0, 1, 2, 8]), ('multiply', 70, [3, 9, 10]), ('add', 13, [11, 12, 19]), ('add', 10, [7, 14, 15]), ('divide', 6, [17, 18]), ('multiply', 30, [16, 21, 22, 23]), ('subtract', 1, [25, 32]), ('add', 14, [28, 29, 30]), ('subtract', 3, [24, 31]), ('subtract', 1, [26, 33]), ('multiply', 70, [20, 27, 34]), ('multiply', 56, [37, 44, 45]), ('add', 9, [38, 39, 46]), ('multiply', 18, [40, 41, 47, 48]), ('add', 23, [35, 36, 42, 43])]
Success: 12.1 seconds

Test 76:
Constraints: [('multiply', 42, [0, 7, 14]), ('add', 8, [4, 5, 12]), ('multiply', 12, [6, 13, 20]), ('add', 12, [8, 15, 16]), ('multiply', 84, [1, 2, 9]), ('add', 14, [3, 10, 11]), ('none', 2, [17]), ('subtract', 1, [18, 19]), ('multiply', 48, [22, 23, 24]), ('add', 17, [25, 26, 32, 33]), ('divide', 2, [30, 31]), ('subtract', 2, [27, 34]), ('multiply', 30, [21, 28, 35]), ('add', 11, [29, 36, 37, 44]), ('add', 13, [38, 39, 45, 46]), ('subtract', 3, [42, 43]), ('multiply', 168, [40, 41, 47, 48])]
Failed

Test 77:
Constraints: [('multiply', 8, [0, 1, 2]), ('add', 14, [3, 4, 5]), ('add', 9, [9, 10, 11]), ('subtract', 3, [12, 19]), ('multiply', 35, [6, 13, 20]), ('subtract', 1, [14, 21]), ('add', 20, [7, 8, 15, 22]), ('multiply', 45, [16, 17, 23, 24]), ('divide', 2, [18, 25]), ('subtract', 3, [26, 27]), ('add', 16, [30, 31, 38]), ('multiply', 3, [36, 37, 43]), ('divide', 6, [33, 40]), ('multiply', 72, [34, 41, 48]), ('add', 16, [28, 29, 35, 42]), ('subtract', 2, [44, 45]), ('multiply', 210, [32, 39, 46, 47])]
Success: 0.35 seconds

Test 78:
Constraints: [('divide', 3, [0, 1]), ('none', 5, [4]), ('add', 13, [5, 6]), ('multiply', 24, [7, 8, 9]), ('multiply', 56, [2, 3, 10]), ('add', 13, [14, 15, 22, 29]), ('add', 15, [11, 18, 24, 25]), ('multiply', 60, [12, 13, 19]), ('add', 18, [16, 17, 23]), ('multiply', 8, [20, 26, 27]), ('subtract', 1, [21, 28]), ('multiply', 48, [30, 31, 32, 33]), ('none', 3, [34]), ('add', 12, [37, 38, 39]), ('subtract', 5, [40, 41]), ('multiply', 168, [35, 36, 42, 43]), ('add', 8, [44, 45, 46]), ('subtract', 1, [47, 48])]
Success: 94.27 seconds

Test 79:
Constraints: [('add', 11, [0, 1]), ('none', 1, [2]), ('multiply', 224, [3, 4, 10, 11]), ('add', 9, [7, 8, 9]), ('multiply', 252, [5, 6, 12, 13]), ('add', 12, [14, 15, 16]), ('subtract', 3, [17, 18]), ('multiply', 40, [19, 20, 27]), ('add', 20, [21, 22, 28, 29]), ('subtract', 1, [23, 24]), ('divide', 6, [25, 26]), ('add', 9, [30, 31, 38]), ('multiply', 140, [32, 33, 34]), ('multiply', 56, [35, 36, 37]), ('subtract', 1, [42, 43]), ('multiply', 504, [39, 44, 45, 46]), ('add', 10, [40, 41, 47, 48])]
Success: 0.53 seconds

Test 80:
Constraints: [('multiply', 60, [0, 1, 7, 8]), ('add', 15, [4, 5, 6]), ('add', 10, [2, 3, 9]), ('divide', 3, [10, 11]), ('multiply', 6, [16, 17, 24]), ('add', 17, [12, 13, 20, 27]), ('multiply', 210, [14, 15, 21, 28]), ('add', 20, [22, 23, 29, 30]), ('multiply', 60, [18, 25, 32]), ('add', 17, [19, 26, 33, 40]), ('multiply', 210, [31, 37, 38]), ('add', 15, [35, 36, 42, 43]), ('subtract', 1, [44, 45]), ('multiply', 7, [39, 46, 47]), ('multiply', 60, [34, 41, 48])]
Failed

Test 81:
Constraints: [('multiply', 10, [0, 1, 8]), ('add', 13, [3, 4, 5, 10]), ('subtract', 1, [6, 13]), ('subtract', 5, [2, 9]), ('add', 7, [7, 14]), ('multiply', 140, [15, 21, 22]), ('multiply', 24, [16, 17, 23]), ('add', 17, [11, 12, 18, 19]), ('add', 12, [25, 26, 32]), ('subtract', 2, [29, 30]), ('divide', 7, [24, 31]), ('multiply', 45, [36, 37, 44]), ('subtract', 2, [33, 40]), ('multiply', 30, [20, 27, 34, 41]), ('add', 16, [28, 35, 42, 43]), ('multiply', 48, [38, 39, 45]), ('add', 10, [46, 47, 48])]
Success: 54.02 seconds

Test 82:
Constraints: [('multiply', 12, [0, 1, 2]), ('subtract', 1, [3, 4]), ('add', 20, [8, 9, 15, 16]), ('add', 13, [10, 11, 12]), ('multiply', 84, [5, 6, 13]), ('divide', 2, [19, 26]), ('subtract', 1, [20, 27]), ('multiply', 252, [7, 14, 21, 22]), ('add', 13, [23, 29, 30, 36]), ('add', 14, [17, 18, 24]), ('multiply', 56, [25, 31, 32]), ('multiply', 360, [33, 34, 40, 47]), ('add', 20, [37, 38, 43, 44]), ('multiply', 6, [39, 45, 46]), ('subtract', 1, [41, 48]), ('add', 10, [28, 35, 42])]
Failed

Test 83:
Constraints: [('add', 16, [1, 2, 3]), ('subtract', 4, [4, 11]), ('multiply', 28, [0, 7, 8]), ('multiply', 15, [9, 10, 17]), ('add', 12, [5, 6, 12, 13]), ('multiply', 12, [14, 15, 21]), ('add', 10, [16, 23, 30]), ('multiply', 84, [18, 19, 20]), ('add', 12, [24, 25, 31]), ('subtract', 2, [26, 27]), ('multiply', 90, [28, 35, 42]), ('subtract', 3, [22, 29]), ('add', 18, [32, 39, 40]), ('add', 13, [33, 34, 41, 48]), ('multiply', 56, [36, 37, 38]), ('subtract', 3, [43, 44]), ('multiply', 6, [45, 46, 47])]
Success: 13.67 seconds

Test 84:
Constraints: [('multiply', 5, [0, 1]), ('add', 13, [2, 3, 4]), ('subtract', 3, [5, 6]), ('add', 11, [7, 8, 15]), ('multiply', 15, [9, 10]), ('multiply', 72, [11, 18, 25, 32]), ('add', 10, [12, 13, 19]), ('multiply', 28, [14, 21, 22]), ('add', 17, [16, 17, 23, 24]), ('multiply', 126, [20, 26, 27]), ('add', 11, [28, 29, 35]), ('add', 11, [34, 41, 48]), ('multiply', 126, [36, 42, 43]), ('add', 11, [30, 31, 37]), ('multiply', 42, [38, 44, 45]), ('subtract', 3, [39, 46]), ('add', 10, [33, 40, 47])]
Success: 108.37 seconds

Test 85:
Constraints: [('multiply', 12, [0, 1]), ('add', 14, [2, 3, 9, 10]), ('divide', 5, [4, 5]), ('subtract', 1, [7, 8]), ('multiply', 168, [6, 11, 12, 13]), ('divide', 7, [15, 16]), ('add', 7, [18, 25]), ('multiply', 3, [19, 26]), ('subtract', 3, [20, 27]), ('add', 8, [14, 21]), ('divide', 2, [22, 23]), ('subtract', 1, [17, 24]), ('add', 19, [30, 31, 32, 33]), ('multiply', 30, [34, 41, 48]), ('add', 14, [28, 29, 35, 36]), ('multiply', 72, [37, 38, 39]), ('multiply', 35, [42, 43, 44]), ('none', 3, [45]), ('add', 12, [40, 46, 47])]
Success: 55.95 seconds

Test 86:
Constraints: [('add', 12, [0, 7, 8]), ('multiply', 2, [1, 2]), ('add', 19, [3, 4, 11]), ('divide', 4, [5, 12]), ('subtract', 1, [6, 13]), ('multiply', 84, [9, 10, 17]), ('subtract', 3, [16, 23]), ('multiply', 72, [14, 15, 21, 22]), ('add', 15, [18, 24, 25]), ('add', 11, [29, 30, 37]), ('multiply', 8, [31, 32, 38]), ('multiply', 42, [19, 20, 26, 33]), ('add', 17, [28, 35, 42]), ('multiply', 10, [39, 40, 46]), ('add', 18, [27, 34, 41]), ('add', 18, [36, 43, 44, 45]), ('divide', 3, [47, 48])]
Success: 0.66 seconds

Test 87:
Constraints: [('multiply', 72, [1, 2, 8, 15]), ('subtract', 1, [3, 4]), ('divide', 4, [0, 7]), ('add', 17, [9, 10, 11, 16]), ('add', 8, [6, 13]), ('multiply', 504, [17, 18, 24, 25]), ('add', 11, [23, 29, 30]), ('multiply', 252, [5, 12, 19, 26]), ('subtract', 1, [20, 27]), ('add', 18, [14, 21, 22, 28]), ('multiply', 6, [32, 39, 46]), ('subtract', 3, [33, 34]), ('none', 7, [35]), ('multiply', 42, [36, 42, 43]), ('subtract', 1, [37, 44]), ('add', 13, [31, 38, 45]), ('add', 16, [40, 41, 47, 48])]
Success: 531.9 seconds

Test 88:
Constraints: [('multiply', 168, [4, 5, 11, 12]), ('add', 12, [6, 13]), ('multiply', 30, [1, 2, 8]), ('add', 12, [3, 9, 10]), ('add', 17, [0, 7, 14, 15]), ('multiply', 120, [16, 17, 23, 30]), ('add', 13, [18, 25, 32]), ('subtract', 3, [21, 22]), ('multiply', 126, [24, 31, 38, 39]), ('multiply', 84, [19, 20, 26, 27]), ('subtract', 4, [28, 29]), ('none', 5, [33]), ('add', 13, [35, 42, 43]), ('multiply', 28, [36, 37, 44]), ('add', 12, [45, 46, 47]), ('add', 11, [34, 40, 41, 48])]
Failed

Test 89:
Constraints: [('add', 13, [1, 2, 9]), ('multiply', 36, [5, 6, 12]), ('multiply', 126, [0, 7, 8]), ('add', 11, [3, 4, 10, 11]), ('add', 14, [14, 15, 16, 17]), ('multiply', 168, [18, 19, 25]), ('subtract', 2, [21, 22]), ('add', 11, [13, 20, 26, 27]), ('multiply', 20, [28, 35, 42]), ('multiply', 84, [23, 24, 30]), ('subtract', 1, [33, 34]), ('add', 9, [29, 36, 37]), ('multiply', 40, [31, 32, 38]), ('add', 16, [43, 44, 45]), ('subtract', 1, [39, 46]), ('multiply', 140, [40, 41, 47, 48])]
Failed

Test 90:
Constraints: [('add', 15, [0, 1, 2, 3]), ('multiply', 42, [5, 6, 13]), ('subtract', 1, [9, 10]), ('multiply', 210, [7, 8, 14, 15]), ('subtract', 3, [16, 23]), ('add', 16, [4, 11, 12, 18]), ('multiply', 420, [19, 20, 27, 34]), ('none', 1, [21]), ('add', 16, [17, 24, 25, 32]), ('add', 16, [26, 33, 39, 40]), ('subtract', 4, [30, 31]), ('multiply', 30, [28, 35, 42]), ('multiply', 56, [22, 29, 36, 37]), ('subtract', 1, [43, 44]), ('add', 9, [38, 45]), ('add', 10, [41, 46, 47, 48])]
Failed

Test 91:
Constraints: [('multiply', 25, [2, 9, 10]), ('subtract', 4, [3, 4]), ('add', 11, [0, 7]), ('multiply', 6, [1, 8, 15]), ('add', 10, [11, 12]), ('add', 9, [14, 21, 22]), ('divide', 5, [17, 18]), ('multiply', 70, [19, 26, 27]), ('multiply', 378, [5, 6, 13, 20]), ('subtract', 1, [24, 25]), ('subtract', 1, [28, 29]), ('add', 13, [16, 23, 30]), ('add', 15, [33, 34, 41]), ('multiply', 108, [37, 38, 44, 45]), ('add', 16, [31, 32, 39, 40]), ('multiply', 1050, [35, 36, 42, 43]), ('add', 7, [46, 47, 48])]
Success: 1.38 seconds

Test 92:
Constraints: [('none', 5, [1]), ('add', 19, [2, 9, 16, 23]), ('multiply', 168, [3, 4, 10, 11]), ('multiply', 60, [5, 6, 12, 13]), ('add', 14, [0, 7, 8, 14]), ('add', 15, [15, 21, 22, 28]), ('multiply', 126, [17, 18, 19, 20]), ('subtract', 4, [24, 25]), ('multiply', 28, [26, 27, 34]), ('add', 10, [30, 31, 37]), ('add', 22, [32, 33, 39, 46]), ('multiply', 28, [35, 42, 43]), ('subtract', 4, [29, 36]), ('multiply', 18, [38, 44, 45]), ('add', 15, [40, 41, 47, 48])]
Success: 559.33 seconds

Test 93:
Constraints: [('add', 9, [0, 7, 8]), ('multiply', 42, [1, 2, 3]), ('subtract', 6, [10, 11]), ('multiply', 180, [4, 5, 12]), ('add', 15, [14, 21, 28]), ('add', 12, [9, 15, 16]), ('multiply', 120, [17, 18, 19]), ('add', 9, [6, 13, 20]), ('subtract', 1, [22, 29]), ('multiply', 120, [23, 30, 31, 37]), ('multiply', 6, [24, 25, 26]), ('add', 18, [27, 32, 33, 34]), ('divide', 5, [35, 42]), ('multiply', 54, [36, 43, 44]), ('add', 17, [38, 39, 40, 45]), ('add', 15, [41, 46, 47, 48])]
Success: 1.89 seconds

Test 94:
Constraints: [('add', 8, [2, 9, 10]), ('multiply', 210, [3, 4, 5, 12]), ('add', 11, [6, 13, 20]), ('add', 15, [0, 1, 7, 14]), ('multiply', 240, [11, 16, 17, 18]), ('multiply', 105, [8, 15, 21, 22]), ('multiply', 12, [23, 30, 37]), ('add', 9, [24, 31, 32]), ('add', 13, [19, 25, 26]), ('multiply', 600, [27, 33, 34, 41]), ('multiply', 84, [28, 29, 35]), ('add', 12, [38, 39, 40]), ('add', 10, [36, 42, 43]), ('multiply', 168, [44, 45, 46]), ('subtract', 1, [47, 48])]
Failed

Test 95:
Constraints: [('multiply', 168, [0, 1, 8, 9]), ('add', 14, [2, 3, 4]), ('add', 11, [5, 6, 13]), ('multiply', 72, [7, 14, 15, 16]), ('multiply', 7, [10, 11, 18]), ('add', 10, [12, 19, 26]), ('subtract', 3, [20, 27]), ('add', 16, [22, 23, 30, 37]), ('multiply', 72, [17, 24, 25]), ('multiply', 10, [21, 28, 29]), ('subtract', 3, [31, 32]), ('subtract', 1, [35, 36]), ('add', 21, [33, 38, 39, 40]), ('divide', 3, [34, 41]), ('add', 14, [42, 43, 44]), ('multiply', 60, [45, 46, 47, 48])]
Success: 46.4 seconds

Test 96:
Constraints: [('multiply', 120, [5, 12, 19, 26]), ('add', 8, [0, 1, 7]), ('add', 12, [8, 9, 10]), ('multiply', 210, [2, 3, 4, 11]), ('add', 14, [14, 21, 28]), ('subtract', 3, [15, 22]), ('multiply', 48, [16, 17, 18]), ('add', 19, [6, 13, 20, 27]), ('multiply', 140, [29, 35, 36]), ('subtract', 2, [30, 31]), ('add', 12, [23, 24, 25, 32]), ('subtract', 1, [33, 40]), ('multiply', 84, [34, 41, 47, 48]), ('divide', 6, [42, 43]), ('multiply', 16, [37, 38, 44]), ('add', 10, [39, 45, 46])]
Failed

Test 97:
Constraints: [('add', 6, [3, 9, 10]), ('multiply', 210, [1, 2, 8]), ('multiply', 40, [4, 5, 11, 12]), ('subtract', 3, [6, 13]), ('add', 16, [0, 7, 14]), ('divide', 3, [15, 22]), ('multiply', 80, [16, 17, 23, 30]), ('add', 10, [18, 19, 20]), ('add', 9, [21, 28, 29]), ('multiply', 175, [24, 25, 31, 32]), ('subtract', 4, [26, 27]), ('divide', 4, [35, 36]), ('subtract', 1, [37, 38]), ('subtract', 1, [41, 48]), ('add', 11, [42, 43, 44, 45]), ('multiply', 21, [39, 46]), ('add', 14, [33, 34, 40, 47])]
Success: 18.36 seconds

Test 98:
Constraints: [('add', 20, [2, 8, 9, 15]), ('subtract', 5, [4, 5]), ('multiply', 720, [0, 1, 7, 14]), ('divide', 7, [16, 17]), ('add', 13, [3, 10, 11, 18]), ('multiply', 18, [6, 12, 13, 19]), ('multiply', 48, [24, 30, 31]), ('add', 15, [20, 26, 27]), ('subtract', 6, [21, 28]), ('multiply', 45, [22, 23, 29]), ('add', 11, [25, 32, 39]), ('multiply', 300, [33, 34, 40, 41]), ('add', 10, [35, 36, 37]), ('none', 3, [42]), ('multiply', 120, [38, 43, 44, 45]), ('add', 14, [46, 47, 48])]
Success: 1.28 seconds

Test 99:
Constraints: [('subtract', 4, [0, 1]), ('add', 9, [2, 3, 10]), ('multiply', 35, [4, 5, 6]), ('add', 14, [7, 14, 15]), ('multiply', 30, [8, 9, 16]), ('subtract', 1, [11, 18]), ('add', 7, [19, 26, 33]), ('multiply', 70, [12, 13, 20]), ('add', 17, [17, 23, 24, 25]), ('subtract', 3, [28, 35]), ('multiply', 42, [30, 31, 32]), ('multiply', 270, [27, 34, 40, 41]), ('add', 17, [21, 22, 29, 36]), ('divide', 5, [38, 45]), ('add', 19, [39, 46, 47, 48]), ('multiply', 84, [37, 42, 43, 44])]
Success: 526.98 seconds

Successes: 79
Fails: 21
Average success run time : 101.55
